[[[0.70588235 0.81176471 0.9254902 ]
  [0.70196078 0.80784314 0.92156863]
  [0.69019608 0.80392157 0.92941176]
  ...
  [0.9372549  0.94509804 0.94117647]
  [0.9372549  0.94509804 0.94117647]
  [0.93333333 0.94117647 0.9372549 ]]

 [[0.7254902  0.82745098 0.93333333]
  [0.71372549 0.81568627 0.92156863]
  [0.69411765 0.8        0.91372549]
  ...
  [0.91764706 0.9254902  0.92156863]
  [0.91764706 0.9254902  0.92156863]
  [0.91764706 0.9254902  0.92156863]]

 [[0.77254902 0.87058824 0.95686275]
  [0.74901961 0.84313725 0.9372549 ]
  [0.72156863 0.81568627 0.91764706]
  ...
  [0.89019608 0.89411765 0.90196078]
  [0.89411765 0.89803922 0.90588235]
  [0.89803922 0.90196078 0.90980392]]

 ...

 [[0.83921569 0.83921569 0.87843137]
  [0.83529412 0.83529412 0.8745098 ]
  [0.83529412 0.83529412 0.8745098 ]
  ...
  [0.76470588 0.77254902 0.81960784]
  [0.76078431 0.76862745 0.81568627]
  [0.75686275 0.76470588 0.81176471]]

 [[0.82745098 0.82352941 0.85490196]
  [0.81960784 0.81960784 0.85098039]
  [0.82352941 0.82352941 0.85490196]
  ...
  [0.77647059 0.78431373 0.83137255]
  [0.76862745 0.77647059 0.82745098]
  [0.76862745 0.77647059 0.82745098]]

 [[0.80784314 0.80392157 0.83529412]
  [0.81176471 0.80784314 0.83921569]
  [0.81176471 0.81176471 0.84313725]
  ...
  [0.78431373 0.79215686 0.83921569]
  [0.77647059 0.78431373 0.83529412]
  [0.77647059 0.78431373 0.83529412]]]